                            OLS Regression Results                            
==============================================================================
Dep. Variable:                dom_chg   R-squared:                       0.919
Model:                            OLS   Adj. R-squared:                  0.917
Method:                 Least Squares   F-statistic:                     277.0
Date:                Wed, 22 Apr 2026   Prob (F-statistic):               0.00
Time:                        05:09:51   Log-Likelihood:                 5616.5
No. Observations:                2897   AIC:                        -1.109e+04
Df Residuals:                    2824   BIC:                        -1.065e+04
Df Model:                          72                                         
Covariance Type:                  HAC                                         
==============================================================================
                 coef    std err          z      P>|z|      [0.025      0.975]
------------------------------------------------------------------------------
const          0.0110      0.003      3.438      0.001       0.005       0.017
dom_L1         0.5551      0.040     14.033      0.000       0.478       0.633
dom_L2         0.0224      0.035      0.641      0.521      -0.046       0.091
dom_L3         0.1101      0.029      3.836      0.000       0.054       0.166
dom_L4         0.0698      0.030      2.336      0.020       0.011       0.128
dom_L5        -0.0222      0.030     -0.743      0.457      -0.081       0.036
dom_L6         0.1744      0.037      4.777      0.000       0.103       0.246
dom_L7         0.2951      0.039      7.520      0.000       0.218       0.372
dom_L8        -0.1904      0.040     -4.760      0.000      -0.269      -0.112
dom_L9        -0.1149      0.028     -4.148      0.000      -0.169      -0.061
dom_L10       -0.0160      0.030     -0.530      0.596      -0.075       0.043
dom_L11       -0.0198      0.029     -0.690      0.490      -0.076       0.036
dom_L12       -0.0367      0.030     -1.240      0.215      -0.095       0.021
dom_L13       -0.0016      0.030     -0.054      0.957      -0.061       0.058
dom_L14        0.1315      0.031      4.177      0.000       0.070       0.193
dom_L15       -0.0515      0.029     -1.781      0.075      -0.108       0.005
dom_L16       -0.0028      0.027     -0.105      0.916      -0.055       0.049
dom_L17       -0.0208      0.026     -0.788      0.431      -0.073       0.031
dom_L18       -0.0331      0.024     -1.408      0.159      -0.079       0.013
dom_L19       -0.0132      0.026     -0.503      0.615      -0.065       0.038
dom_L20       -0.0171      0.025     -0.682      0.495      -0.066       0.032
dom_L21        0.0574      0.027      2.148      0.032       0.005       0.110
intl_L1        0.0032      0.000      6.524      0.000       0.002       0.004
intl_L2        0.0034      0.001      5.316      0.000       0.002       0.005
intl_L3        0.0029      0.001      5.622      0.000       0.002       0.004
intl_L4        0.0026      0.001      4.588      0.000       0.002       0.004
intl_L5        0.0026      0.001      3.896      0.000       0.001       0.004
intl_L6        0.0022      0.001      3.492      0.000       0.001       0.003
intl_L7        0.0036      0.000      7.229      0.000       0.003       0.005
intl_L8        0.0018      0.001      2.769      0.006       0.001       0.003
intl_L9        0.0012      0.001      1.736      0.083      -0.000       0.002
intl_L10       0.0002      0.000      0.361      0.718      -0.001       0.001
intl_L11       0.0018      0.001      3.544      0.000       0.001       0.003
intl_L12       0.0004      0.001      0.506      0.613      -0.001       0.002
intl_L13       0.0005      0.001      0.798      0.425      -0.001       0.002
intl_L14       0.0016      0.001      2.137      0.033       0.000       0.003
intl_L15       0.0008      0.001      1.260      0.208      -0.000       0.002
intl_L16       0.0009      0.001      1.340      0.180      -0.000       0.002
intl_L17      -0.0002      0.001     -0.396      0.692      -0.001       0.001
intl_L18       0.0002      0.001      0.311      0.756      -0.001       0.001
intl_L19       0.0005      0.000      1.030      0.303      -0.000       0.001
intl_L20       0.0015      0.001      2.967      0.003       0.001       0.003
intl_L21       0.0015      0.001      2.856      0.004       0.000       0.003
intl_L22       0.0012      0.001      2.228      0.026       0.000       0.002
intl_L23       0.0016      0.001      2.350      0.019       0.000       0.003
intl_L24   -1.479e-05      0.000     -0.033      0.974      -0.001       0.001
intl_L25       0.0012      0.000      2.687      0.007       0.000       0.002
intl_L26       0.0015      0.000      3.049      0.002       0.001       0.002
intl_L27   -3.103e-06      0.000     -0.007      0.995      -0.001       0.001
intl_L28      -0.0004      0.001     -0.715      0.475      -0.001       0.001
intl_L29       0.0005      0.000      0.920      0.357      -0.001       0.001
intl_L30       0.0005      0.000      1.114      0.265      -0.000       0.001
intl_L31       0.0003      0.000      0.728      0.467      -0.001       0.001
intl_L32       0.0005      0.000      1.159      0.246      -0.000       0.001
intl_L33       0.0008      0.001      1.337      0.181      -0.000       0.002
intl_L34   -3.643e-05      0.000     -0.074      0.941      -0.001       0.001
wd_1          -0.0206      0.003     -6.509      0.000      -0.027      -0.014
wd_2          -0.0117      0.002     -4.864      0.000      -0.016      -0.007
wd_3          -0.0167      0.002     -7.241      0.000      -0.021      -0.012
wd_4          -0.0135      0.002     -5.503      0.000      -0.018      -0.009
wd_5          -0.0141      0.002     -6.315      0.000      -0.019      -0.010
wd_6          -0.0209      0.003     -6.942      0.000      -0.027      -0.015
m_2            0.0015      0.004      0.409      0.682      -0.006       0.009
m_3            0.0018      0.003      0.560      0.575      -0.004       0.008
m_4            0.0023      0.004      0.641      0.521      -0.005       0.009
m_5            0.0055      0.004      1.442      0.149      -0.002       0.013
m_6            0.0026      0.003      0.841      0.400      -0.004       0.009
m_7            0.0026      0.003      0.905      0.365      -0.003       0.008
m_8            0.0019      0.003      0.650      0.516      -0.004       0.007
m_9            0.0027      0.003      0.869      0.385      -0.003       0.009
m_10           0.0042      0.004      1.192      0.233      -0.003       0.011
m_11           0.0033      0.003      1.125      0.260      -0.002       0.009
m_12           0.0081      0.004      1.870      0.061      -0.000       0.017
==============================================================================
Omnibus:                      647.650   Durbin-Watson:                   1.998
Prob(Omnibus):                  0.000   Jarque-Bera (JB):            13875.201
Skew:                           0.512   Prob(JB):                         0.00
Kurtosis:                      13.672   Cond. No.                         111.
==============================================================================

Notes:
[1] Standard Errors are heteroscedasticity and autocorrelation robust (HAC) using 7 lags and without small sample correction